lakeid,year,sampledate,avsnow,totice,whiteice,blueice
SP,1982,1/20/1982,4.3,43,22.5,20.5
SP,1982,2/24/1982,13.4,49.2,29.3,19.9
SP,1982,4/5/1982,4,51,24.7,26.3
SP,1983,1/13/1983,24,27,1,26
SP,1983,2/24/1983,1,29,1,28
SP,1983,3/28/1983,9.5,39,8,31
SP,1984,1/6/1984,2.7,36.2,11.8,24.4
SP,1984,2/27/1984,1,47.5,15,32.5
SP,1984,4/10/1984,0,44.5,5,39.5
SP,1985,1/11/1985,8.8,28.7,3,25.7
SP,1985,2/27/1985,11.7,48,4,44
SP,1985,3/26/1985,0.5,56,12,44
SP,1985,4/11/1985,0,50,50,
SP,1986,1/14/1986,17.5,29,6,23
SP,1986,2/27/1986,17.7,51,34,17
SP,1987,1/14/1987,3.5,24,0,24
SP,1987,2/24/1987,13.4,41,0,41
SP,1987,3/24/1987,0,34,34,0
SP,1988,1/19/1988,2.8,35,16,19
SP,1988,2/29/1988,10.4,54,51,3
SP,1988,4/4/1988,0,58,9.5,48.5
SP,1989,1/12/1989,18.3,33,0,33
SP,1989,2/23/1989,7.9,58.5,17.5,41
SP,1989,3/29/1989,,50,5,45
SP,1990,1/17/1990,15.9,36,,36
SP,1990,2/19/1990,15.9,51,10,41
SP,1990,3/28/1990,0,39,4,35
SP,1991,1/16/1991,8.8,38,5,33
SP,1991,2/19/1991,8.6,55,5,50
SP,1991,3/25/1991,0,53,3,50
SP,1992,1/14/1992,11.3,30,7,23
SP,1992,3/1/1992,22.5,41,7,34
SP,1992,3/27/1992,0.4,52,10,42
SP,1993,1/13/1993,19,36.5,6,30.5
SP,1993,3/1/1993,2.7,60.5,21.5,39
SP,1993,3/22/1993,9.1,56,23,33
SP,1994,1/12/1994,6.8,30,10,20
SP,1994,2/21/1994,0,39,6,33
SP,1994,3/28/1994,15.5,44,0,44
SP,1995,1/9/1995,2.1,30,2,28
SP,1995,2/20/1995,15.5,42,1,41
SP,1995,3/24/1995,1,34,0,34
SP,1996,1/24/1996,11,51,22,29
SP,1996,2/21/1996,11.7,53,26,27
SP,1996,4/1/1996,18.2,70,32,38
SP,1997,1/14/1997,11,37,26,11
SP,1997,2/17/1997,24.5,40,26,14
SP,1997,3/25/1997,31,44,31,13
SP,1998,1/12/1998,17.5,26,0,26
SP,1998,2/23/1998,0,35,11,24
SP,1998,3/18/1998,8.5,37,8,29
SP,1999,1/18/1999,22.9,26,0,26
SP,1999,2/23/1999,9,41,14,27
SP,1999,3/24/1999,1,53,17,36
SP,2000,1/18/2000,18.9,27.5,0.5,27
SP,2000,2/22/2000,27.6,36,2,34
SP,2001,1/22/2001,20.7,32,10,22
SP,2001,2/28/2001,15.7,44,23,21
SP,2001,4/3/2001,2.2,45,32,13
SP,2002,1/16/2002,5.1,16.5,4,12.5
SP,2002,2/28/2002,1.6,38,11,27
SP,2002,4/1/2002,15,54,21,33
SP,2003,1/15/2003,1,45,0,45
SP,2003,3/6/2003,17.5,61,0,61
SP,2003,4/2/2003,7.5,48,0,48
SP,2004,1/12/2004,10,37,8,29
SP,2004,2/18/2004,29.7,42,7,35
SP,2004,4/7/2004,0,39,6,33
SP,2005,1/19/2005,11.2,43,0,43
SP,2005,2/25/2005,10,54,5,49
SP,2005,4/6/2005,0,42,0,42
SP,2006,1/17/2006,12.5,29,6,23
SP,2006,2/13/2006,23.6,33,12,21
SP,2006,3/31/2006,0,41,21,20
SP,2007,1/15/2007,6.8,29,8,21
SP,2007,2/20/2007,8.7,42,5,37
SP,2007,3/28/2007,0,27,0,27
SP,2008,1/17/2008,11.1,33,8,25
SP,2008,3/3/2008,18.9,48,13,35
SP,2008,3/27/2008,16.1,50,6,44
SP,2008,5/2/2008,0,0,0,0
SP,2009,1/20/2009,17.8,45,6,39
SP,2009,2/24/2009,3.6,55,9,46
SP,2009,3/20/2009,0,56,5,51
SP,2010,1/12/2010,5.7,32,17,15
SP,2010,2/11/2010,9.4,46,14,32
SP,2011,1/18/2011,16.9,31,10,21
SP,2011,2/14/2011,16.9,35,11,24
SP,2011,3/21/2011,1.4,43,7,36
SP,2012,1/12/2012,9,29,1,28
SP,2012,2/21/2012,9.4,41,11,30
SP,2013,1/14/2013,0,21,1,20
SP,2013,2/25/2013,21,45,16,29
SP,2013,3/29/2013,7.2,59,24,35
SP,2014,1/30/2014,32.1,38,7,31
SP,2014,2/17/2014,22,50,32,18
SP,2014,3/24/2014,10.8,72,45,27
SP,2015,1/14/2015,24.1,23,10,13
SP,2015,2/24/2015,12.2,43,20,23
SP,2015,3/24/2015,0,38,12,26
SP,2016,1/21/2016,6.5,22,5,17
SP,2016,3/7/2016,0.3,43,14,29
SP,2017,1/17/2017,16.5,26,9,17
SP,2017,2/22/2017,0,32,9,23
SP,2017,3/27/2017,0,31,1,30
,,,,,,
,,,,,,
,,,,,,
,,,,,,
,,,,,,
,,,,,,
,,,,,,
,,,,,,
,,,,,,
,,,,,,
,,,,,,
,,,,,,
,,,,,,
,,,,,,
,,,,,,
,,,,,,
,,,,,,
,,,,,,